date	Cowpea	Ground Nuts	Maize	Onion	Pepper	Rice	Sesame	Sorghum	Tomato	Water Melon
1995-07-01	150.36434385839814	222.62623657904817	184.5438260869565	214.3690101947809	22.46975399315333	91.19072600918093	212.4160148338319	162.05623076923075	262.800007562134	233.2035323503502
1996-01-01	161.19319571832906	281.44609605932743	190.48621739130434	277.6097252724681	22.59867061009613	91.1462393824604	232.31888556139373	206.7148	294.41340701603497	267.81433423565005
1996-07-01	132.60356202581568	136.10625606186196	205.74824137931037	109.97312735374634	22.69103599440069	91.30490201014395	197.69879785094912	82.729	230.38043453761253	217.41815851266819
1997-01-01	151.91435206795182	193.96998288607216	70.09569565217392	225.926516221176	20.876214081919596	91.03083436407363	148.48564952534275	191.10216666666668	194.9412568489511	85.49377619965674
1997-07-01	151.3070751628556	199.70670815167153	97.86075862068965	221.76943397003632	21.261827311687583	91.07074296379344	163.64360565739747	183.07703846153845	210.80833235752263	120.75701593229041
1998-01-01	157.0332619153151	270.98154462147414	225.92961538461537	252.49584196663378	23.076597180014115	91.21356268318269	246.52355564520954	182.14672413793105	305.95328960979276	304.4706985139526
1998-07-01	151.3602591076315	220.6890416228386	162.2430909090909	220.68164338884992	22.162182612184964	91.15621277928406	201.01368765764605	170.65240000000003	251.36409257597705	206.13522939473808
1999-01-01	156.1947607675545	259.5862538325076	204.19592307692307	248.06125003452627	22.769188981401008	91.18868094212404	232.66112169403917	182.86849999999998	290.1499906436834	273.6229753165508
1999-07-01	148.26247374342773	210.98267076518414	182.68545945945945	202.10936454214064	22.43487542689587	91.19842215312268	208.14458778391037	153.52655172413796	256.2213103858461	225.55219762904596
2000-01-01	152.98924955648096	257.0092494052675	248.57000000000002	228.33853243533898	23.376015329339175	91.26327743055081	253.48913562849015	160.58472	309.7540035778982	324.4612221540517
2000-07-01	137.45910429641805	169.49275254036814	230.21980555555558	137.85572827285222	23.053725599163233	91.31399148528425	219.25334010919693	98.46882352941176	258.2458803820212	261.8114006054202
2001-01-01	144.35690038313587	190.83201125936142	183.84964285714287	179.22886756361981	22.43462052046375	91.21887075722782	202.881932764678	136.77	246.89586315053424	217.44856040075132
2001-07-01	146.27884981934358	194.5377403727876	163.96314285714286	190.9081406012609	22.164722275272158	91.1830912257952	194.28557379728775	148.81066666666666	239.3600003102568	195.86378917399463
2002-01-01	160.88751014091744	256.68875782032256	118.49092592592594	277.38531891449145	21.59080965328852	91.05185448057884	190.15566488198732	219.56666666666666	248.42812245733884	171.73244000579518
2002-07-01	134.84312545603382	134.94588617790973	165.5381818181818	123.95268835339493	22.13833819614107	91.24052411554554	177.81416294176	100.10689285714285	210.90338256444272	169.70789328454885
2003-01-01	155.53547424923966	257.95786267496106	209.9067142857143	244.07904698857456	22.846241020040964	91.19947522982274	234.96652910701718	178.9564516129032	292.03761695977187	279.55632006755036
2003-07-01	3.3	53.59029800519262	162.08544444444445	88.37415237861386	23.98380610846518	91.3704085367228	134.94920171298685	108.21806666666666	226.58354222069957	199.41264729718182
2004-01-01	145.12000452179313	211.35232904034922	235.19285714285712	182.57882913020998	23.15568067499807	91.28354337173087	233.7791246726753	129.91153846153844	281.09369483387184	287.3152371556073
2004-07-01	140.94585412594472	171.12643502581892	178.31583333333333	159.38786241118316	22.342814108351643	91.22800782746089	194.49164487085218	123.42222222222223	234.6387978097418	201.69756635921385
2005-01-01	61.6	282.1626795441515	285.82234375	256.2522886154984	25.103813764492728	91.345321556857	287.49894736842106	190.04107142857143	375.3927321228472	427.13063960709223
2005-07-01	460.0	222.4293218372182	82.66000000000001	213.98658701365574	17.30833318001229	90.88383470686473	130.0	132.57751724137933	101.93139920009763	-35.403011192301335
2006-01-01	134.1669976047317	116.799022840958	120.15454545454546	120.98220632442069	21.500967124442496	91.18336600780152	150.50087921471464	106.1625	180.67088798628018	107.9469237423948
2006-07-01	96.4	450.82320320404415	162.1885945945946	258.48167229549506	20.742876226850825	90.9744114589117	460.0	142.54875862068965	324.9647861633515	285.1768616458762
2007-01-01	53.916666666666664	124.12130983768134	165.18370967741936	79.3273901706203	22.650513973418487	91.29095129989608	217.3061818181818	73.46714285714286	222.81592065700409	192.19493422317606
2007-07-01	149.02321018026615	182.26393453483593	80.9422	208.77202051410464	21.015621673316055	91.05926661807001	150.372898185542	176.73617857142858	194.30633064882736	92.71544635448623
2008-01-01	148.65004139306663	223.90914166806823	266.79583333333335	278.61941126370806	24.717942254162065	91.32852638968879	178.17142857142858	222.25655	331.9858113139229	360.5071369849438
2008-07-01	103.83333333333333	138.34821105643124	168.1743888888889	187.7546218079859	23.48502063129698	2.0	120.0	168.60703703703706	246.42742810251528	189.26390283147703
2009-01-01	50.666666666666664	133.47928326633476	157.45281481481481	196.01841661013665	24.030020914187546	2.5	117.025	186.27229166666666	259.785950865524	201.76651777211953
2009-07-01	236.35714285714286	357.6488082901188	121.7223947368421	400.0	17.732320180450586	2.4	164.778	139.049	56.0	-32.623360599487086
2010-01-01	120.44060606060606	294.7464822182368	190.1711875	226.45698016237498	22.453863019639456	3.75	278.515375	152.59458620689657	294.7442400218482	250.26334245909072
2010-07-01	176.9878787878788	80.03190692187647	101.29720512820512	0.0	0.0	2.25	182.4854347826087	169.8266129032258	137.60746375882962	0.0
2011-01-01	81.9	180.14037221627257	171.8738095238095	256.25	70.0	3.0	119.75	172.3777777777778	133.33333333333334	42.0
2011-07-01	32.72727272727273	144.1549942614376	121.19914285714286	258.0	26.0	1.02	68.8	142.61629166666668	219.9272727272727	133.83454545454546
2012-01-01	174.81271428571426	180.33333333333334	213.40366666666665	102.14	23.333333333333332	3.75	267.7734	131.5095625	70.0	233.66666666666666
2012-07-01	38.75	38.572427852995446	169.31380000000001	159.0	24.602190252744858	91.37612145761892	53.5	163.0135	232.10971378407714	203.47969216537143
2013-01-01	203.21454545454546	205.41666666666666	252.0078125	59.8625	17.333333333333332	1.6	325.46299999999997	147.31683333333334	114.0	200.4
2013-07-01	208.54999999999998	235.0	204.30197297297298	193.2875	16.0	200.0	175.57222222222222	187.77464285714285	320.875	267.1666666666667
2014-01-01	134.32777777777778	285.583199467362	298.80596969696967	301.15875	17.333333333333332	91.20048690194915	236.85826923076922	185.48183333333333	213.75	267.1666666666667
2014-07-01	135.875	396.6666666666667	148.60902857142855	301.05562499999996	20.666666666666668	90.99454794951227	214.2279583333333	124.5074074074074	197.25	234.1
2015-01-01	152.75323529411764	213.33333333333334	284.6259375	233.52125	14.666666666666666	600.0	235.54695652173913	209.65148148148148	207.5	200.73333333333335
2015-07-01	212.07992857142858	370.0	138.07213888888887	387.0375	19.333333333333332	1.05	235.30769230769232	129.98293548387096	273.75	267.8
2016-01-01	189.64485714285715	340.0	265.55757575757576	249.2942857142857	10.0	1.4	317.86372	218.29919354838708	208.875	146.525
2016-07-01	133.82642857142858	333.3333333333333	249.93742857142857	297.68125	10.0	1.0	234.9090909090909	138.20365625	330.0	200.53333333333333
2017-01-01	97.60714285714286	43.333333333333336	152.13466666666667	128.143125	15.333333333333334	375.0	224.27777777777777	135.58283333333333	331.375	167.1
2017-07-01	142.4375	168.66666666666666	212.7410303030303	338.51125	29.666666666666668	200.0	140.0	176.73242857142856	393.625	323.92833333333334
2018-01-01	213.92444444444445	128.66666666666666	171.89935483870968	140.0125	20.666666666666668	2.0	229.4139583333333	194.14522580645163	427.0	194.75333333333333
2018-07-01	315.23819444444445	360.40000000000003	288.72342857142854	231.0375	19.0	200.0	365.4104	235.76905405405404	160.25	225.42
2019-01-01	179.13722222222225	128.66666666666666	259.6209375	42.216875	25.333333333333332	3.0	270.501	187.47386666666668	376.755	441.6666666666667
2019-07-01	107.38588235294117	164.0	364.54583333333335	239.30749999999998	57.333333333333336	3.6	269.0	279.8519230769231	970.25	1050.0
2020-01-01	328.5432352941176	1103.3333333333333	450.4773793103449	1021.2171428571429	14.0	3.6	653.6667	453.6966333333333	776.5714285714286	485.0
2020-07-01	170.74285714285713	716.6666666666666	324.7056944444444	353.34875	26.666666666666668	91.24394487884874	446.94736842105266	260.1553333333333	739.5	836.6666666666666
2021-01-01	333.9598947368421	1066.6666666666667	436.0896666666667	949.2128571428572	26.666666666666668	4.8	594.797	461.6864	647.0	998.6666666666666
2021-07-01	154.5625	164.0	435.7454411764706	326.97499999999997	36.0	480.0	307.39130434782606	290.1068181818182	374.035	1096.6666666666667
